1 1 0 1 설화명곡
1 2 0 2 화원
1 3 0 2 대곡
1 4 0 2 진천
1 5 0 2 월배
1 6 0 2 상인
1 7 0 2 월촌
1 8 0 2 송현
1 9 0 2 상당못
1 10 0 2 대명
1 11 0 2 안지랑
1 12 0 2 현충로
1 13 0 2 영대병원
1 14 0 2 교대
1 15 81 2 명덕
1 16 47 2 반월당
1 17 0 2 중앙로
1 18 0 2 대구역
1 19 0 2 칠성시장
1 20 0 2 신천
1 21 0 2 동대구역
1 22 0 2 동구청
1 23 0 2 아양교
1 24 0 2 동촌
1 25 0 2 해안
1 26 0 2 방촌
1 27 0 2 용계
1 28 0 2 율하
1 29 0 2 신기
1 30 0 2 반야월
1 31 0 2 각산
1 32 0 1 안심
2 33 0 1 문양
2 34 0 2 다사
2 35 0 2 대실
2 36 0 2 강창
2 37 0 2 계명대
2 38 0 2 성서산업단지
2 39 0 2 이곡
2 40 0 2 용산
2 41 0 2 죽전
2 42 0 2 감삼
2 43 0 2 두류
2 44 0 2 내당
2 45 0 2 반고개
2 46 79 2 신남
2 47 16 2 반월당
2 48 0 2 경대병원
2 49 0 2 대구은행
2 50 0 2 범어
2 51 0 2 수성구청
2 52 0 2 만촌
2 53 0 2 담티
2 54 0 2 연호
2 55 0 2 대공원
2 56 0 2 고산
2 57 0 2 신매
2 58 0 2 사월
2 59 0 2 정평
2 60 0 2 임당
2 61 0 1 영남대
3 62 0 1 칠곡경대병원
3 63 0 2 학정
3 64 0 2 팔거
3 65 0 2 동천
3 66 0 2 칠곡운암
3 67 0 2 구암
3 68 0 2 태전
3 69 0 2 매천
3 70 0 2 매천시장
3 71 0 2 팔달
3 72 0 2 공단
3 73 0 2 만평
3 74 0 2 팔달시장
3 75 0 2 원대
3 76 0 2 북구청
3 77 0 2 달성공원
3 78 0 2 서문시장
3 79 46 2 신남
3 80 0 2 남산
3 81 15 2 명덕
3 82 0 2 건들바위
3 83 0 2 대봉교
3 84 0 2 수성시장
3 85 0 2 수성구민운동장
3 86 0 2 어린이회관
3 87 0 2 황금
3 88 0 2 수성못
3 89 0 2 지산
3 90 0 2 범물
3 91 0 1 용지a